start=1062.061000
volume=100.000000
aid=2
sid=1
