start=315.565000
volume=100.000000
